scan_1 to scan_1
    -0.46347     0.886113 -1.71083e-07     -230.317
   -0.886113     -0.46347 -1.03589e-07      438.186
-1.71083e-07  1.03589e-07            1            0
           0            0            0            1

scan_2 to scan_1
1 0 0 0
0 1 0 0
0 0 1 0
0 0 0 1

scan_3 to scan_2
1 0 0 0
0 1 0 0
0 0 1 0
0 0 0 1

scan_4 to scan_3
1 0 0 0
0 1 0 0
0 0 1 0
0 0 0 1

scan_5 to scan_1
1 0 0 0
0 1 0 0
0 0 1 0
0 0 0 1

scan_21 to scan_20
1 0 0 0
0 1 0 0
0 0 1 0
0 0 0 1

scan_22 to scan_21
1 0 0 0
0 1 0 0
0 0 1 0
0 0 0 1

scan_23 to scan_22
1 0 0 0
0 1 0 0
0 0 1 0
0 0 0 1

scan_24 to scan_23
1 0 0 0
0 1 0 0
0 0 1 0
0 0 0 1

scan_25 to scan_24
1 0 0 0
0 1 0 0
0 0 1 0
0 0 0 1

scan_26 to scan_25
1 0 0 0
0 1 0 0
0 0 1 0
0 0 0 1

scan_27 to scan_26
1 0 0 0
0 1 0 0
0 0 1 0
0 0 0 1

